1002
1000
1001
1000
1001
1001
1000
1001
1000
999
1001
1001
1001
1001
1000
1001
999
1002
1000
1001
1001
1000
1001
1000
1001
1000
1000
1001
1001
1001
1000
1001
1000
1001
1000
1001
1000
1001
1001
1000
1000
1001
1000
1001
1000
1002
1000
1000
1000
1002
1000
1001
1000
1001
1000
1000
1001
1001
1000
1001
1000
1001
1001
1000
1000
1001
1001
1000
1001
1001
1000
1001
1000
1001
1000
1001
1001
1000
1000
1000
1001
1000
1001
1001
1000
1001
1000
1000
1002
1001
1000
1001
999
1002
1000
1001
1000
1001
1000
1001
1001
1000
1001
1000
1000
1001
1000
1001
1001
1000
1001
999
1002
1001
1000
1001
1000
1001
1001
1000
1000
1001
1001
1000
1001
1000
999
1002
1000
1001
1001
1000
1001
1000
1001
1001
1000
1000
1000
1002
1000
1001
1000
1001
1000
1001
1001
1000
1001
999
1002
1000
1000
1002
1001
999
1002
1001
1000
1001
1000
1002
1000
1001
1001
1000
1000
1001
1000
1001
1001
1000
1001
1000
1001
1000
1001
1000
1001
1000
1001
1000
1001
1000
1001
1000
1001
1001
1000
1001
1000
1000
1001
1001
1001
999
1001
1001
1000
1001
1000
1001
1000
1001
1001
1000
1001
1000
999
1002
1000
1001
1001
1000
1001
1000
1001
1001
1000
1000
1001
1000
1001
1001
1000
1001
1000
1001
999
1001
1001
1001
999
1002
1000
1001
1001
999
1002
1001
1000
999
1000
1002
1000
1001
1000
1001
1001
1000
1001
1000
1000
1000
1001
1001
1001
1000
1000
1002
1000
1000
1001
1001
999
1001
1001
1001
1000
1000
1000
1001
1001
1000
1001
1001
1000
1001
1000
1000
1001
1000
1001
1000
1001
1000
1001
1000
1002
999
1002
1000
1001
1000
1001
1000
1001
1000
1001
1000
1000
1002
1000
1001
1001
999
1002
1000
1002
1000
1000
1001
1000
1001
1001
1000
1000
1003
999
1001
1001
1000
1001
1001
1000
1000
1000
1001
1001
1001
1000
1001
1000
1000
1001
1001
1001
1001
1000
1000
1002
1000
1003
998
1000
1001
1001
1000
1001
1001
1001
1000
1000
1002
999
1001
999
1002
1001
1000
1001
1000
1001
1000
1001
1001
1000
1001
1000
1000
1001
1000
1002
999
1001
1002
999
1000
1001
1001
1000
1000
1001
1001
1001
1000
1001
1001
1000
1002
1001
1000
1001
1002
1000
1002
1000
1002
1000
1001
1001
1002
1000
1001
1001
1001
1000
1001
1000
1001
1000
1000
1001
1001
1002
1000
1000
1001
1000
1001
1001
1001
1000
1000
1002
1001
1000
1001
1001
1000
1000
1001
1001
1000
1001
1001
999
1001
1001
1001
1000
1001
1000
1001
1001
1000
1000
1001
1001
999
1002
1000
1001
1000
1001
1001
1000
1001
1000
1001
1001
1000
1001
1000
1000
1002
1000
1001
1000
1000
1003
999
1001
1001
1002
1001
1000
1001
1002
999
1001
1000
1001
1001
1000
1000
1001
1001
1001
1000
1000
1001
1000
999
1002
1000
1001
1000
1001
1001
1001
1000
1000
1002
999
1001
1001
999
1001
1001
1001
1001
1000
1000
1001
1001
1000
1001
1001
999
1001
1000
1001
1001
1001
1000
1001
1001
1001
1000
1001
1000
1001
1000
1001
1000
1001
1000
1001
1001
1000
1001
1000
1001
1001
1000
1002
1001
1001
1000
1002
1000
1000
1002
1001
1000
1001
999
1003
1000
1000
1002
999
1001
1001
1001
1000
1000
1001
1001
1000
1001
1000
1000
1001
1001
1000
1000
1001
1001
1000
1001
1001
1002
999
1001
1001
1001
1001
1000
999
1002
1001
1001
1000
1000
1001
1001
999
1002
999
1001
1002
1000
999
1002
1001
1000
1001
1000
1000
1002
1001
999
1002
1000
1000
1001
1000
1001
1001
1000
1001
1000
1001
1001
999
1001
1000
1001
1001
1001
1000
1001
1000
1001
1001
1000
1001
1001
999
1002
999
1002
1000
1001
1001
1000
1001
1000
1001
1000
1001
1000
1001
1000
1001
1001
1000
1000
1001
999
1002
1000
1002
1000
1000
1000
1000
1001
1001
1001
1001
1001
999
1002
1000
1001
1026
976
1000
1001
1000
1001
999
1002
999
1002
1000
1000
1003
1002
999
1002
1001
1000
1002
999
1001
1003
1000
1001
1001
1001
1001
1001
1001
1000
1001
1001
1000
1000
1002
1001
1000
1000
1001
1003
1000
999
1001
1001
1001
999
1001
1000
1002
1000
1000
1001
1000
1000
1001
1000
1002
1000
1001
1001
1000
1001
1001
1000
1002
999
1001
1001
1000
999
1002
1000
1000
1002
1000
1000
1002
1000
1001
1000
1001
1000
1001
1001
1001
1000
1016
985
1002
1000
1001
1002
999
1022
980
999
1003
1000
1001
1001
1001
1001
999
1002
1000
1001
1000
1001
1001
1000
1001
1000
1001
1001
1001
1000
1000
1001
1000
1002
1000
1000
1000
1001
1000
1001
1001
999
1000
1001
1001
1001
1000
1001
1001
1001
1000
1000
1001
1001
1001
1000
1001
1001
1000
1000
1001
1001
1001
1000
1000
1001
1001
1000
1001
1000
1001
1001
1000
1002
1000
1002
1001
1001
1000
1001
1001
999
1002
1001
999
1004
999
1000
1002
1000
1001
1000
1001
1001
999
1001
1001
1001
1000
1000
1002
999
1001
1001
1001
1001
1000
1000
1002
1000
1002
999
1002
1001
1000
1001
1001
1000
1000
1001
1001
1000
1001
999
1002
1001
1001
1000
1001
1001
1000
1002
1000
1001
1001
1001
1000
999
1004
1000
1000
1001
1000
1001
1000
1001
1002
1001
999
1002
999
1002
1000
1001
1000
1001
1001
1000
1000
1002
1001
1001
999
1002
1000
1001
1000
1000
1001
1001
1000
1001
1001
1000
1001
1001
1000
1001
1000
1000
1002
1000
1000
1001
1000
1001
1000
1000
1002
1000
1000
1001
1001
1000
1000
1002
999
1001
1002
1000
1000
1003
1001
998
1002
1001
1001
1001
1000
1000
1001
1000
1000
1000
1002
1000
1002
1000
1001
1000
1001
1000
1001
1000
1001
1001
1001
1000
1001
1001
1001
1001
1001
1001
1001
00.0
1000.0
1002.0
1001.0
1000.0
1000.0
1001.0
1003.0
1000.0
999.0
1001.0
1001.0
1001.0
999.0
1001.0
1000.0
1002.0
1000.0
1000.0
1001.0
1000.0
1000.0
1001.0
1000.0
1002.0
1000.0
1001.0
1001.0
1000.0
1001.0
1001.0
1000.0
1002.0
999.0
1001.0
1001.0
1000.0
999.0
1002.0
1000.0
1000.0
1002.0
1000.0
1000.0
1002.0
1000.0
1001.0
1000.0
1001.0
1000.0
1001.0
1001.0
1001.0
1000.0
1016.0
985.0
1002.0
1000.0
1001.0
1002.0
999.0
1022.0
980.0
999.0
1003.0
1000.0
1001.0
1001.0
1001.0
1001.0
999.0
1002.0
1000.0
1001.0
1000.0
1001.0
1001.0
1000.0
1001.0
1000.0
1001.0
1001.0
1001.0
1000.0
1000.0
1001.0
1000.0
1002.0
1000.0
1000.0
1000.0
1001.0
1000.0
1001.0
1001.0
999.0
1000.0
1001.0
1001.0
1001.0
1000.0
1001.0
1001.0
1001.0
1000.0
1000.0
1001.0
1001.0
1001.0
1000.0
1001.0
1001.0
1000.0
1000.0
1001.0
1001.0
1001.0
1000.0
1000.0
1001.0
1001.0
1000.0
1001.0
1000.0
1001.0
1001.0
1000.0
1002.0
1000.0
1002.0
1001.0
1001.0
1000.0
1001.0
1001.0
999.0
1002.0
1001.0
999.0
1004.0
999.0
1000.0
1002.0
1000.0
1001.0
1000.0
1001.0
1001.0
999.0
1001.0
1001.0
1001.0
1000.0
1000.0
1002.0
999.0
1001.0
1001.0
1001.0
1001.0
1000.0
1000.0
1002.0
1000.0
1002.0
999.0
1002.0
1001.0
1000.0
1001.0
1001.0
1000.0
1000.0
1001.0
1001.0
1000.0
1001.0
999.0
1002.0
1001.0
1001.0
1000.0
1001.0
1001.0
1000.0
1002.0
1000.0
1001.0
1001.0
1001.0
1000.0
999.0
1004.0
1000.0
1000.0
1001.0
1000.0
1001.0
1000.0
1001.0
1002.0
1001.0
999.0
1002.0
999.0
1002.0
1000.0
1001.0
1000.0
1001.0
1001.0
1000.0
1000.0
1002.0
1001.0
1001.0
999.0
1002.0
1000.0
1001.0
1000.0
1000.0
1001.0
1001.0
1000.0
1001.0
1001.0
1000.0
1001.0
1001.0
1000.0
1001.0
1000.0
1000.0
1002.0
1000.0
1000.0
1001.0
1000.0
1001.0
1000.0
1000.0
1002.0
1000.0
1000.0
1001.0
1001.0
1000.0
1000.0
1002.0
999.0
1001.0
1002.0
1000.0
1000.0
1003.0
1001.0
998.0
1002.0
1001.0
1001.0
1001.0
1000.0
1000.0
1001.0
1000.0
1000.0
1000.0
1002.0
1000.0
1002.0
1000.0
1001.0
1000.0
1001.0
1000.0
1001.0
1000.0
1001.0
1001.0
1001.0
1000.0
1001.0
1001.0
1001.0
1001.0
1001.0
1001.0
1001.0
